lastAccountName: albertbug
timestamps:
  login: 1583329884520
  lastteleport: 1583340349934
  logout: 1583340392614
  kits:
    godset: 1583336609362
ipAddress: 127.0.0.1
powertools: {}
lastlocation:
  world: world
  x: 3.5
  y: 131.86096577812194
  z: -69.5
  yaw: 136.95003
  pitch: 90.0
logoutlocation:
  world: world
  x: 3.5
  y: 100.0
  z: -69.5
  yaw: 89.85004
  pitch: 90.0
homes:
  home:
    world: world
    x: 12080.300000011921
    y: 64.0
    z: -226.69999998807913
    yaw: -1.2011719
    pitch: -4.350011
