world: world_the_end
x: 501.38166506843123
y: 5.0
z: 6.322251163039682
yaw: 176.09119
pitch: 65.69915
name: enderman_farm
lastowner: ec8f8081-5480-428d-ab7c-4183b9d7e2ed
