world: world
x: 3.4613512818962064
y: 78.0
z: -69.45566968552369
yaw: 224.55003
pitch: 82.50004
name: spawn
lastowner: ec8f8081-5480-428d-ab7c-4183b9d7e2ed
